Homes:
  main:
    X: 125.46132
    Y: 63.9375
    Z: 71.860374
    Yaw: 0.134552
    Pitch: 2.9841156
    World: elcovifree
