Homes:
  main:
    X: 138.6694480346237
    Y: 74.0
    Z: 24.670365215404487
    Yaw: 98.1496
    Pitch: 48.250046
    World: elcovifree
