Homes:
  main:
    X: 138.28347616721967
    Y: 76.0
    Z: 22.522126156083004
    Yaw: -168.14459
    Pitch: 45.45004
    World: world
