Homes:
  main:
    X: 139.09672876640545
    Y: 76.0
    Z: 23.575743399403137
    Yaw: 126.74643
    Pitch: 11.850039
    World: world
