Homes:
  main:
    X: 619.624640947143
    Y: 63.0
    Z: -1530.011206596895
    Yaw: -53.998474
    Pitch: 3.150015
    World: world
