Homes:
  main:
    X: 137.79944978698592
    Y: 76.0
    Z: 22.40336943192709
    Yaw: 64.49959
    Pitch: 27.749994
    World: elcovifree
