Homes:
  main:
    X: 138.89869846476432
    Y: 76.0
    Z: 23.44267585227548
    Yaw: 121.54996
    Pitch: 36.200012
    World: elcovifree
