Homes:
  main:
    X: 138.02087135908334
    Y: 76.0
    Z: 22.64383556703821
    Yaw: -64.95
    Pitch: -3.3000093
    World: world
